1000 9883
215 912
129 973
919 790
540 553
938 744
402 926
930 392
74 998
510 982
350 907
406 937
812 612
621 599
134 632
502 838
899 632
18 393
283 207
805 187
711 263
787 207
881 216
631 263
460 477
101 691
726 960
673 308
736 832
75 254
717 515
558 761
755 560
557 986
819 207
827 744
863 254
832 322
795 118
821 662
18 677
862 34
224 498
978 551
288 611
734 248
103 922
525 3
510 366
996 854
559 356
541 825
780 87
571 466
865 89
704 217
617 552
374 901
379 813
675 456
767 854
435 771
232 601
598 916
140 724
932 328
794 361
634 616
964 57
305 364
698 141
218 150
779 68
116 410
638 931
333 684
42 760
354 822
81 22
689 343
323 209
343 242
972 706
846 223
371 765
545 368
927 634
566 174
604 789
697 173
293 538
332 240
649 306
651 876
380 535
712 366
752 584
290 732
994 616
389 152
372 832
44 321
789 615
811 499
61 752
388 64
246 308
691 681
485 688
344 316
472 241
702 107
65 102
970 419
825 412
994 317
297 27
298 484
692 180
877 144
491 477
314 942
544 99
840 794
131 45
689 747
947 143
896 907
986 683
59 479
889 412
391 500
873 739
878 868
554 614
311 702
461 624
49 374
638 432
311 182
876 381
241 974
662 896
228 732
779 676
222 661
214 795
529 829
948 769
370 573
205 911
750 808
849 425
888 49
228 562
157 490
785 757
915 706
474 670
201 510
185 993
367 457
684 509
423 363
450 391
362 843
807 449
612 623
670 632
85 745
211 546
113 720
189 20
794 623
851 626
335 479
15 259
876 999
915 785
312 314
935 498
350 662
629 681
445 610
525 862
750 471
606 512
517 990
480 879
355 845
1000 118
708 847
697 58
200 638
111 392
597 465
501 556
392 80
377 630
433 772
607 34
927 139
518 331
207 766
462 845
255 706
140 833
972 170
994 366
298 329
84 474
319 605
820 470
860 983
972 313
703 443
15 752
953 367
344 54
332 967
776 227
1000 577
161 945
273 159
682 663
993 264
187 689
100 674
433 337
382 780
628 556
629 594
304 450
639 236
567 579
952 642
990 350
158 390
960 157
27 758
452 534
510 35
607 467
496 925
686 38
121 256
272 718
864 488
186 204
266 868
804 228
640 857
816 218
411 292
414 455
290 209
224 853
968 116
402 518
737 425
441 212
704 606
617 915
543 447
211 947
10 753
445 533
232 222
470 200
418 367
350 315
103 858
821 475
459 310
315 842
869 495
644 827
817 652
69 955
68 514
333 674
194 169
262 614
891 152
13 548
285 799
843 467
296 488
773 122
981 903
32 34
985 508
967 180
809 814
592 170
556 525
578 117
817 567
135 932
216 174
986 990
863 116
572 168
747 263
853 46
14 400
494 856
597 41
448 112
361 945
876 16
112 173
934 880
443 823
596 375
926 800
774 884
352 267
961 935
70 133
278 984
629 410
41 897
227 938
897 712
736 336
637 937
776 731
172 316
465 718
942 168
102 133
831 791
550 925
923 456
965 154
988 710
898 325
503 864
595 245
244 461
103 442
625 958
510 81
671 143
439 916
79 445
564 787
232 284
584 241
984 811
955 378
224 736
187 30
851 445
870 363
817 381
33 462
897 293
57 448
440 312
835 81
821 158
971 529
219 468
863 519
989 712
96 537
354 629
172 934
52 252
279 728
293 277
891 311
639 957
105 622
821 249
199 268
976 471
469 6
696 950
575 454
446 270
319 516
910 409
714 550
201 915
402 208
425 113
152 983
463 969
815 292
303 112
715 80
56 307
350 53
117 342
887 374
187 648
749 802
957 100
980 448
763 317
908 952
252 830
291 950
74 10
37 134
41 195
524 664
466 336
89 719
455 520
546 787
582 61
676 178
897 699
221 75
719 252
686 237
746 826
174 195
549 746
784 19
268 188
666 27
637 564
139 169
414 381
988 130
497 665
991 793
996 693
49 132
893 795
659 831
181 399
665 82
333 196
707 971
218 615
453 571
678 181
985 113
306 783
91 47
110 377
3 885
246 841
318 330
543 375
893 238
146 587
788 110
437 120
538 533
967 568
764 580
5 149
688 281
906 160
29 15
372 833
302 664
284 483
857 295
828 286
768 304
458 442
169 805
705 875
288 85
537 838
540 835
522 754
708 665
861 665
260 170
959 1000
84 310
491 476
235 944
444 78
672 425
511 102
226 242
192 14
247 552
478 161
217 493
1 552
623 829
12 522
190 495
705 320
671 575
794 174
106 991
503 883
221 62
645 588
478 407
581 334
233 464
153 539
295 744
757 13
760 287
779 679
857 607
328 139
76 793
33 586
678 286
702 908
22 885
244 406
675 116
894 72
71 979
557 8
154 557
449 939
647 27
742 878
484 74
251 833
224 519
8 724
299 87
48 725
234 672
117 857
834 883
137 1
122 577
436 986
57 218
761 878
782 749
890 586
342 181
312 904
204 174
483 97
194 500
825 334
610 972
25 517
983 505
543 828
378 248
532 579
200 940
458 176
49 289
100 589
820 326
218 528
743 518
575 764
178 391
47 55
140 379
8 380
997 226
952 933
274 753
69 316
326 165
799 494
330 346
503 855
344 964
328 457
1 421
348 788
594 540
612 482
128 629
783 822
76 942
771 214
852 267
890 524
763 688
214 804
620 863
236 592
223 958
828 268
187 124
547 204
611 757
592 921
283 830
499 49
380 762
16 915
789 248
719 891
152 243
206 938
979 742
817 199
637 478
158 969
56 92
569 614
682 719
720 937
561 260
10 64
517 543
938 484
665 292
439 593
281 563
730 834
566 228
733 589
536 55
534 518
702 484
220 983
708 940
123 132
566 262
384 578
7 672
490 784
881 417
455 82
863 337
581 127
448 292
804 897
342 832
215 562
364 904
610 976
460 443
317 30
937 454
528 835
161 526
602 380
752 289
606 412
825 475
274 307
578 229
448 450
416 672
770 563
420 872
286 382
887 94
743 626
725 227
691 47
305 728
648 346
334 541
28 484
468 227
589 985
849 820
593 834
728 983
47 297
378 720
469 647
678 453
439 467
296 835
819 689
88 421
695 855
274 774
10 544
961 704
67 529
598 799
340 763
254 65
127 733
129 406
646 605
22 347
923 524
490 966
31 424
567 106
21 57
789 28
626 708
278 531
746 155
569 642
967 710
935 292
721 984
349 823
722 307
746 445
103 744
946 268
436 941
254 620
807 238
103 461
39 64
48 669
546 116
929 100
198 675
73 830
722 597
924 825
686 840
488 355
57 786
55 875
428 863
396 565
569 175
878 419
492 170
57 899
481 607
174 554
708 678
51 349
532 404
777 491
446 670
714 950
696 149
101 252
878 765
611 2
761 497
557 984
579 544
729 83
640 940
326 451
351 916
688 920
672 509
322 698
14 284
970 254
844 539
331 424
853 291
692 615
434 947
657 159
940 617
190 409
960 87
465 527
600 254
16 31
288 724
18 581
995 329
903 388
300 863
710 918
913 688
127 864
700 152
810 840
371 274
634 660
227 854
396 226
755 696
993 243
166 951
280 834
465 335
600 804
140 726
186 116
168 535
262 193
871 839
287 790
918 924
650 278
686 424
432 875
902 384
975 586
544 876
12 323
266 494
765 34
12 766
95 639
759 516
760 670
542 58
86 854
802 415
186 680
316 751
81 310
877 842
125 933
329 844
114 438
314 419
835 362
194 126
158 477
147 940
406 5
792 439
402 776
540 813
407 486
869 695
392 5
47 847
238 990
331 524
388 465
619 218
817 949
780 644
454 854
166 218
98 228
830 141
838 744
363 264
662 602
41 28
843 568
83 761
619 987
303 900
30 836
839 214
951 568
274 650
459 650
460 673
908 845
526 420
115 697
408 727
653 31
784 850
777 154
1 600
109 727
710 109
594 569
687 320
874 473
898 820
519 523
283 567
529 819
145 554
844 876
560 983
957 587
562 189
11 897
267 27
966 667
839 683
126 137
962 838
139 37
471 136
21 73
483 921
996 569
599 652
711 982
102 565
401 847
128 129
370 711
59 891
222 636
923 786
211 548
717 466
150 641
449 756
452 489
309 96
312 316
629 695
831 175
190 317
617 215
626 159
94 665
574 647
624 468
544 598
119 254
411 673
927 745
95 881
77 806
375 1
86 92
143 399
627 680
947 817
285 938
388 437
817 977
877 225
18 950
626 291
830 169
578 158
231 420
51 2
805 405
572 480
558 567
170 668
339 895
545 952
415 690
73 461
683 136
520 234
353 175
320 80
787 596
75 998
575 989
46 229
454 788
268 103
8 206
533 733
143 865
899 415
780 394
70 302
366 753
292 252
899 300
810 881
137 821
652 76
620 856
487 339
702 990
404 773
862 512
429 470
158 812
159 253
254 181
606 686
556 391
115 209
63 913
745 330
746 21
84 604
250 836
417 359
846 853
236 887
185 771
684 483
560 209
661 784
250 951
699 230
684 114
780 605
413 132
414 231
682 607
314 315
298 836
405 992
963 74
11 361
566 229
337 435
876 965
536 56
594 274
600 959
584 260
358 915
198 836
310 598
129 135
81 382
246 592
925 11
17 534
510 953
167 328
9 122
308 643
859 440
213 836
644 37
942 669
991 398
956 709
169 141
247 271
939 401
571 862
299 638
565 375
877 197
53 515
570 671
22 562
995 902
283 2
337 127
640 961
970 328
933 68
301 266
959 688
377 416
946 209
50 410
931 639
10 994
830 935
948 566
625 487
292 50
495 533
576 237
320 482
300 997
616 766
545 678
565 666
863 958
850 424
391 335
710 939
128 525
735 524
296 723
373 459
693 876
714 265
791 415
765 283
230 223
883 259
500 881
873 505
249 567
716 865
461 122
357 57
172 804
59 675
225 671
134 51
851 447
817 371
267 926
489 258
287 595
879 21
439 692
261 180
990 221
215 941
146 756
954 815
830 346
498 163
907 382
926 201
566 368
237 198
413 489
209 214
856 608
618 515
379 29
716 436
590 485
385 533
995 375
777 8
84 904
783 102
821 223
695 826
777 409
854 153
268 532
997 208
878 275
863 453
761 987
929 679
970 285
933 151
56 309
22 990
579 547
838 284
360 747
514 638
364 147
321 704
896 930
295 992
80 991
350 341
278 150
56 568
249 38
446 840
421 694
667 162
908 136
678 486
2 95
735 723
993 16
794 35
600 366
199 800
766 319
97 436
236 921
310 329
572 835
538 95
22 356
558 410
689 25
180 932
770 378
572 818
723 326
889 946
710 704
626 519
409 148
682 757
510 426
93 706
367 39
738 665
480 649
500 708
700 254
676 711
483 17
662 406
224 654
189 884
116 916
138 210
176 353
548 537
739 730
57 801
997 158
431 536
200 502
258 354
66 387
673 169
177 794
275 117
134 456
212 536
397 698
293 377
843 788
709 67
143 475
644 284
298 336
943 256
212 766
484 635
929 722
704 256
990 805
60 442
869 616
875 487
41 3
494 679
740 667
120 516
175 200
472 385
936 496
259 714
442 601
637 646
62 634
636 587
653 353
531 465
588 678
538 511
192 191
147 823
808 89
202 456
130 125
594 566
614 573
615 844
581 332
106 876
988 322
833 212
116 389
219 948
384 367
992 244
888 453
228 686
923 582
253 237
235 430
607 670
386 420
279 659
393 576
413 925
31 466
951 157
241 702
497 532
495 1
405 233
262 162
312 479
438 355
7 250
229 38
86 657
180 734
290 426
664 227
854 930
43 174
690 907
233 844
108 840
380 37
586 712
807 288
60 939
123 415
820 925
108 991
752 382
78 471
355 846
302 843
485 511
911 247
695 604
290 622
205 390
428 800
30 628
344 283
159 912
643 555
296 414
901 239
5 314
977 633
429 734
302 404
415 927
252 531
562 568
299 930
509 853
934 248
57 660
584 525
761 424
317 218
692 826
434 22
588 891
316 22
999 819
748 113
931 723
108 208
255 3
60 19
269 825
73 136
734 183
865 164
205 955
775 627
404 396
230 470
50 168
987 713
969 70
440 884
130 240
757 495
542 661
192 441
430 871
220 79
883 441
386 281
6 982
267 6
533 815
185 913
202 593
138 510
850 101
44 172
45 133
546 426
908 261
60 996
264 422
516 834
42 925
205 511
150 576
500 653
431 781
840 34
93 522
99 981
190 508
337 88
500 572
712 124
399 336
534 661
247 362
998 486
214 337
786 558
290 289
238 91
935 403
661 271
389 59
665 84
734 795
328 579
855 841
38 877
369 58
707 366
726 222
764 389
966 115
490 798
331 66
350 802
338 858
299 736
138 558
105 657
622 910
808 582
754 318
424 335
276 688
243 831
282 949
155 417
314 510
35 727
405 136
715 169
916 896
574 252
672 100
250 80
341 263
933 67
990 908
518 999
389 657
567 642
895 817
39 849
139 595
305 815
892 741
892 21
460 937
230 355
511 260
576 29
704 66
831 997
758 783
934 672
788 405
429 424
793 254
367 300
314 920
906 740
103 294
626 657
594 179
239 611
475 562
987 352
525 560
621 795
931 361
578 321
203 654
936 689
242 872
206 823
100 286
135 265
485 196
803 291
475 978
247 46
815 892
601 640
547 806
967 593
234 599
406 835
265 1
310 655
542 257
38 830
298 91
703 478
360 784
52 110
682 229
123 977
483 42
925 415
276 334
833 224
192 744
968 343
895 614
323 646
700 624
238 947
869 627
268 740
765 930
236 48
772 20
956 857
668 69
264 259
339 841
191 680
105 943
325 870
752 222
53 663
438 655
299 891
374 477
93 379
535 388
314 79
827 167
525 174
763 965
81 968
514 385
883 674
611 883
121 227
585 876
52 900
672 207
884 824
991 612
261 817
351 709
248 218
763 653
196 282
219 939
942 203
953 942
675 460
605 19
185 600
497 670
701 544
667 624
923 746
673 755
512 575
750 899
76 726
516 651
223 769
978 246
883 143
349 631
78 693
68 897
180 763
508 216
972 623
257 374
615 461
90 232
586 725
475 830
738 723
872 442
18 396
769 332
309 187
419 855
82 519
446 124
656 826
734 979
152 155
20 305
96 663
59 843
262 658
153 660
108 666
180 63
644 398
627 718
407 480
194 495
216 331
434 446
745 184
753 164
570 626
536 958
494 586
861 609
32 109
222 432
278 486
555 592
717 547
249 231
156 885
88 35
587 59
516 245
131 17
852 173
193 504
172 156
692 982
144 164
883 785
444 175
382 906
28 558
69 214
73 147
326 207
240 652
205 918
813 727
524 782
192 303
727 881
514 276
789 414
476 111
24 536
944 665
374 586
124 921
913 658
272 294
845 599
537 350
40 258
309 682
510 229
483 891
619 327
968 461
590 836
423 359
741 760
483 712
104 755
232 456
450 387
488 850
841 722
955 310
314 178
777 570
779 100
543 455
33 282
252 138
992 305
242 944
389 437
664 6
966 55
695 441
241 360
593 211
719 567
8 727
39 468
265 200
536 77
574 645
858 283
389 87
359 582
324 956
769 729
807 1
167 166
26 790
838 921
160 208
260 107
479 97
911 916
470 364
4 549
653 637
636 795
655 403
703 977
426 143
633 523
467 327
550 94
94 106
222 63
41 844
207 393
245 198
523 914
728 160
213 792
14 299
554 804
386 978
800 364
892 706
566 903
456 690
746 607
254 334
532 898
495 608
335 11
157 823
747 59
704 150
637 520
432 489
659 922
495 838
941 40
465 375
49 112
750 968
510 257
167 544
918 888
22 301
34 375
197 985
570 293
197 740
917 48
955 229
651 236
409 713
711 948
267 231
219 46
720 521
77 132
744 415
427 989
194 992
945 664
548 451
759 272
38 561
705 645
441 73
902 78
376 626
820 963
471 381
369 479
377 530
340 985
428 592
413 420
664 414
204 495
910 274
968 309
263 678
983 375
363 662
937 587
848 26
132 227
320 579
797 207
212 593
908 503
341 179
198 612
38 253
419 697
670 502
602 456
531 76
950 902
186 819
136 452
619 647
195 931
969 596
991 79
260 877
799 792
408 453
492 428
485 982
607 127
990 909
277 750
848 614
922 757
740 604
725 224
49 583
303 958
490 723
880 87
843 349
492 233
971 181
7 507
357 641
66 686
675 612
326 132
991 754
499 720
37 788
248 336
174 56
467 46
13 454
434 797
219 721
516 483
679 785
611 935
704 67
797 900
407 690
50 845
384 441
577 612
392 916
210 903
780 63
414 261
141 499
214 694
520 508
272 509
185 940
183 201
115 175
245 560
928 772
223 701
23 721
765 170
59 783
315 543
134 49
686 514
245 850
319 255
585 92
124 389
161 245
119 386
589 94
493 201
789 876
204 444
190 251
377 976
414 995
255 979
935 7
668 386
651 724
411 875
963 838
947 589
125 527
660 878
554 297
57 791
597 405
441 545
999 694
434 172
731 704
832 441
14 449
677 271
668 315
852 795
565 506
624 906
917 865
170 594
141 83
330 156
512 314
574 507
406 89
889 395
788 865
745 80
554 911
41 848
391 284
12 87
583 264
145 690
457 224
979 103
780 76
158 584
197 238
92 468
24 684
645 886
353 800
851 33
338 52
283 989
582 211
533 391
400 671
76 832
22 378
447 763
291 327
699 66
375 581
159 324
519 484
741 340
251 712
656 654
54 213
594 438
150 760
869 240
160 632
902 25
898 758
685 670
869 65
285 48
742 984
968 878
332 237
26 896
123 208
530 624
358 857
632 392
704 983
778 354
797 6
713 783
220 777
648 842
834 13
502 935
344 257
878 322
751 688
193 44
138 743
971 125
576 619
433 590
363 269
221 743
426 113
481 346
101 913
300 960
486 725
70 916
515 809
364 241
829 89
667 98
260 948
156 741
491 254
292 485
44 646
979 293
1000 776
840 765
527 519
749 627
988 429
75 588
594 564
187 374
991 519
136 984
105 409
245 877
779 731
766 345
392 235
311 94
335 852
649 415
231 807
417 495
879 651
1 232
906 701
85 914
836 190
327 821
600 373
388 719
650 678
907 93
803 412
197 629
261 488
355 517
194 925
693 501
587 862
949 795
94 866
975 555
764 814
162 238
551 840
498 150
850 707
293 591
907 648
894 520
527 554
521 286
117 805
99 742
711 535
644 476
61 702
651 540
284 451
414 586
364 785
40 615
684 714
167 310
122 815
90 257
576 728
665 825
939 438
63 543
725 489
84 487
981 95
70 726
736 926
143 686
806 90
536 522
973 715
378 119
674 680
348 579
990 918
593 122
475 328
633 763
944 890
579 865
669 611
467 311
878 555
919 255
697 987
301 643
840 381
631 678
615 797
230 325
433 165
804 444
53 992
572 176
187 402
353 910
482 618
197 21
93 68
75 761
149 850
177 41
55 8
612 859
615 80
48 218
822 298
490 195
700 540
436 512
770 288
903 124
300 471
31 321
498 12
239 34
756 504
224 729
93 645
344 113
452 441
533 112
223 638
722 331
975 527
274 396
285 71
472 626
694 941
966 838
788 34
241 447
385 529
977 159
685 742
122 766
764 161
423 662
12 784
589 10
111 314
630 862
501 666
623 223
256 98
620 666
816 633
47 915
104 315
431 304
959 599
104 711
838 533
490 943
364 900
19 291
459 920
189 239
174 637
164 435
365 494
493 697
97 624
188 297
835 722
895 930
967 465
808 358
807 616
938 745
406 451
784 767
89 325
677 76
45 435
987 243
29 814
5 591
597 933
525 136
925 878
585 997
912 339
783 624
171 427
652 544
931 862
549 147
163 296
476 161
573 269
559 334
144 395
399 845
257 172
447 625
709 110
505 576
698 913
201 351
244 91
335 780
951 86
708 441
945 985
504 375
451 144
822 417
37 771
404 122
150 610
957 850
33 336
825 748
116 947
945 699
419 556
441 100
3 941
799 544
328 712
123 573
690 800
997 135
87 336
475 754
919 669
705 529
777 188
480 812
946 733
712 455
175 289
57 790
459 166
133 169
941 770
303 281
809 764
113 223
477 534
920 515
999 689
892 327
643 613
458 357
757 591
458 705
425 116
243 797
27 216
120 805
339 730
247 829
766 791
597 797
52 829
571 775
761 501
191 682
123 736
783 438
507 513
199 847
735 937
437 886
919 395
494 889
26 259
602 901
335 47
598 371
451 786
144 186
416 575
735 830
900 257
757 124
156 561
741 173
802 642
838 76
452 799
934 627
374 620
417 593
736 369
440 849
495 776
676 925
95 773
737 153
502 724
429 283
876 580
825 558
430 799
116 241
23 647
431 854
305 358
592 638
349 629
541 298
7 147
104 808
157 290
515 151
768 969
452 354
28 960
573 838
916 562
825 889
349 469
829 833
918 754
868 825
262 886
458 192
752 850
74 802
366 458
170 209
81 298
375 136
119 863
730 937
986 95
95 793
422 507
740 66
632 587
192 552
565 25
811 898
660 771
535 881
20 737
796 323
815 481
969 786
393 336
436 338
147 801
22 671
226 826
777 442
691 732
730 378
786 56
606 457
602 26
791 713
777 267
605 969
658 126
640 541
911 958
199 930
516 96
511 924
956 895
409 484
421 841
50 462
947 100
674 756
491 96
630 253
807 121
800 322
875 262
123 637
507 666
382 794
292 486
535 426
581 440
84 896
268 127
73 145
610 472
81 654
98 292
724 80
374 729
549 743
178 332
434 802
951 331
862 290
165 594
742 340
373 287
358 77
875 949
713 82
35 186
666 120
635 117
509 64
563 464
59 913
866 515
484 527
270 829
371 16
98 872
63 974
870 458
121 569
766 139
628 168
224 830
209 46
450 430
440 262
573 874
480 519
997 46
825 917
989 666
646 101
205 139
43 48
191 613
891 404
176 415
929 183
557 455
172 619
467 781
912 910
964 479
712 432
806 494
717 129
845 332
920 861
428 652
530 484
288 7
125 566
631 988
809 683
536 877
386 620
351 20
134 570
136 331
303 209
329 590
331 40
761 595
230 830
734 382
492 125
368 51
867 91
448 507
86 429
549 779
973 846
905 459
439 292
334 522
856 6
909 4
605 405
255 12
662 836
3 73
447 894
454 370
849 860
649 680
192 269
945 321
729 474
876 351
536 490
221 142
279 466
28 722
766 378
287 39
73 495
827 210
97 497
940 851
580 506
168 933
193 774
547 243
361 420
913 525
651 145
784 382
159 142
662 371
478 944
580 152
216 939
125 877
627 223
664 851
607 925
885 539
427 991
141 913
950 425
642 918
223 633
573 910
8 614
280 203
930 157
253 306
440 401
522 115
445 896
651 861
673 229
52 230
588 496
437 300
459 300
556 854
170 169
812 744
940 437
814 544
655 162
687 219
424 532
321 188
535 953
759 415
28 61
302 580
280 288
532 509
825 365
240 187
211 185
133 342
692 251
624 785
52 858
894 37
274 300
353 493
481 272
13 467
528 983
1000 532
7 981
269 809
866 165
61 133
209 914
1000 931
322 595
16 266
218 864
774 991
120 966
796 847
249 14
765 25
770 814
974 566
39 803
478 449
74 902
317 989
527 638
662 200
131 777
407 716
46 116
25 447
585 87
988 180
680 381
866 600
103 291
107 676
271 567
827 111
600 364
84 636
140 702
949 944
290 15
869 336
251 558
158 46
237 527
682 684
935 338
492 604
370 176
924 737
211 992
360 486
72 314
660 155
111 123
426 241
379 776
17 980
458 686
39 127
276 787
80 116
674 186
416 150
15 502
147 38
534 918
206 583
651 726
13 753
380 334
660 872
310 673
658 682
926 585
632 671
597 403
504 432
765 605
532 290
667 933
916 577
422 190
482 397
134 514
459 11
41 410
95 107
922 565
541 349
302 467
486 604
568 485
236 51
825 506
387 51
402 179
715 39
240 901
437 885
481 429
634 221
441 559
669 554
377 108
793 546
628 406
784 875
185 427
112 350
738 254
645 594
690 125
33 838
895 52
182 417
877 954
945 137
139 350
433 125
144 488
662 110
205 721
603 962
799 49
567 167
509 187
628 439
760 231
542 611
998 97
637 703
659 866
487 540
186 113
958 755
926 854
392 656
266 137
931 185
399 503
632 144
63 943
431 966
785 812
555 402
512 921
918 512
635 672
484 92
305 533
378 69
955 525
603 63
41 456
530 478
773 265
705 579
759 688
268 839
884 114
314 915
938 219
460 139
507 224
902 961
797 181
348 586
847 819
522 764
62 141
49 850
798 513
948 182
136 22
921 678
8 201
355 274
765 835
890 927
834 348
192 998
236 422
773 243
536 718
41 144
973 775
577 486
474 477
409 757
291 856
338 357
302 56
503 841
514 352
73 144
291 809
278 33
500 241
463 495
547 504
989 51
934 668
940 729
155 778
727 739
641 668
932 437
202 726
272 643
504 466
675 493
968 353
497 703
296 574
615 191
48 143
185 283
343 472
300 270
348 370
372 376
998 156
871 870
51 913
508 136
626 551
113 632
134 108
873 70
712 68
727 986
856 225
802 77
517 950
665 707
663 856
461 352
781 961
836 380
674 115
731 78
489 623
209 344
88 599
696 790
80 826
242 224
740 103
639 197
282 699
321 215
472 549
714 646
640 301
225 721
632 727
815 388
855 903
750 171
829 296
721 487
207 628
282 605
924 944
947 933
565 286
588 913
934 109
113 375
645 214
541 261
264 335
654 92
658 99
182 813
674 171
630 175
49 600
1000 584
31 600
162 793
640 873
201 869
383 117
865 478
849 945
900 331
593 975
101 772
887 677
302 229
623 863
723 857
151 448
135 959
735 760
984 363
269 821
588 597
754 813
496 517
743 187
568 985
334 340
906 637
893 763
197 164
788 633
537 319
611 618
187 469
586 852
665 99
443 349
177 850
417 378
128 243
410 316
633 384
798 893
417 235
385 373
335 761
929 368
217 518
767 730
59 523
666 40
431 623
380 69
113 838
275 467
104 266
884 469
411 531
138 889
930 269
180 476
219 382
160 673
60 826
25 681
82 970
565 47
768 335
169 982
960 999
172 735
450 985
753 144
610 635
977 968
461 890
714 525
454 768
938 949
136 95
407 154
869 603
752 295
338 7
757 538
630 280
82 578
123 710
269 230
145 24
473 955
202 219
277 747
931 610
179 201
140 228
314 723
22 128
424 143
247 671
549 145
758 622
738 330
103 124
417 587
550 517
511 491
372 218
836 978
374 945
231 792
641 426
45 84
339 459
362 1000
163 153
24 369
499 17
449 996
432 246
292 578
978 161
376 947
751 372
916 159
725 442
200 368
517 637
77 54
24 190
462 720
837 524
87 253
643 939
151 640
934 133
81 460
815 745
268 860
161 468
604 952
149 185
741 241
906 262
362 119
692 267
315 673
806 311
493 1000
332 426
631 262
1000 452
913 435
666 797
593 331
562 922
528 790
621 125
749 72
566 518
347 732
611 443
596 198
80 433
868 298
687 886
677 268
57 615
588 133
60 258
939 513
657 208
715 38
660 461
278 312
212 52
912 290
255 118
792 908
102 495
254 314
736 533
311 337
754 557
466 474
710 121
75 562
991 608
940 758
254 20
510 98
524 68
248 422
654 707
659 983
362 957
975 397
872 994
945 106
432 3
819 945
841 937
333 253
6 813
525 767
579 245
107 528
200 142
219 250
972 532
650 272
79 414
181 170
506 537
419 637
354 718
262 997
985 976
252 209
949 181
953 178
100 397
502 617
233 740
272 869
200 507
351 542
371 626
699 624
815 85
246 669
730 38
215 658
632 700
865 870
39 721
978 937
540 345
317 64
844 909
468 988
681 165
735 126
26 498
563 137
361 993
499 644
680 875
438 623
38 373
593 994
763 478
140 221
417 928
137 23
403 841
978 515
871 332
876 230
629 426
317 516
101 739
931 792
309 916
403 401
935 832
774 710
997 519
409 38
637 608
663 294
799 166
550 668
37 743
497 702
496 626
426 873
842 534
186 18
849 306
668 914
124 219
608 39
774 672
148 74
777 574
760 994
509 785
665 337
828 939
43 165
523 159
686 569
641 200
797 247
698 395
147 131
125 553
918 668
564 496
418 434
81 783
998 729
273 698
881 301
790 993
664 309
721 196
946 739
911 99
270 153
657 551
991 177
96 806
489 181
576 700
956 575
265 648
105 841
35 830
900 22
297 127
118 193
891 835
801 447
786 429
18 963
849 597
569 214
207 405
580 913
778 857
451 863
156 528
919 248
813 533
814 278
834 464
47 429
969 367
495 767
352 359
304 506
620 176
303 644
883 670
554 578
600 188
783 831
306 564
847 104
120 993
421 826
799 245
991 969
373 875
286 363
850 94
228 990
139 71
438 465
408 220
223 746
205 75
741 361
524 449
104 866
67 118
533 125
898 522
228 131
636 256
764 845
38 423
605 651
270 424
695 409
241 264
225 855
375 221
431 735
968 937
703 3
246 682
816 749
29 240
268 776
802 304
700 779
416 886
241 106
186 989
817 789
255 317
217 961
324 803
678 854
21 781
631 210
286 11
359 559
679 376
596 554
241 672
796 52
264 157
908 606
184 468
772 61
213 878
43 619
342 549
365 636
821 623
188 411
349 953
528 600
643 185
648 321
667 47
5 588
637 853
392 570
879 776
808 135
421 668
260 542
500 187
690 87
504 190
613 359
748 481
550 683
761 26
500 42
323 531
624 302
456 432
718 424
996 778
278 857
462 234
710 828
129 495
719 6
296 616
792 59
695 57
382 492
93 839
786 265
707 983
923 690
998 202
28 982
825 640
897 19
715 820
111 935
148 147
314 135
850 981
673 564
681 885
168 832
43 348
794 572
519 151
966 790
729 270
475 809
831 156
393 974
266 324
216 679
458 684
313 167
761 973
704 848
59 582
375 161
387 309
806 421
565 885
42 446
722 588
669 115
323 427
986 233
473 474
660 874
610 685
540 704
722 735
798 959
252 370
570 603
782 172
605 791
877 18
882 872
369 827
705 929
562 618
669 774
653 641
602 347
948 323
616 403
544 80
446 528
469 465
936 282
865 404
222 251
151 37
943 57
800 313
417 923
201 828
218 834
779 981
945 429
943 174
590 358
306 373
897 514
662 770
610 51
224 378
352 303
409 216
598 592
33 836
111 519
148 627
993 42
61 506
157 763
653 214
423 797
505 752
801 931
162 659
421 914
577 580
962 970
563 665
805 824
804 213
206 203
113 898
489 53
456 138
310 37
7 127
393 213
447 372
910 884
180 593
362 860
647 735
384 86
3 748
798 169
505 812
719 681
581 712
267 944
566 52
931 409
254 544
754 354
538 541
78 338
336 93
67 223
379 209
566 167
255 866
170 220
216 562
582 957
902 820
248 899
270 130
825 201
476 915
368 300
935 180
597 437
228 264
913 414
752 386
200 809
592 219
350 255
930 647
255 678
462 850
188 381
301 154
668 55
880 437
771 294
574 185
101 925
173 512
959 609
411 183
183 683
536 720
739 459
832 167
890 101
377 14
109 575
934 944
204 725
903 707
301 365
653 24
467 125
737 879
365 870
426 974
153 782
33 864
984 256
570 564
872 801
923 431
598 751
750 838
932 439
1 371
240 623
495 809
44 311
854 195
605 114
1 236
845 547
573 532
278 752
797 896
618 239
158 842
400 526
590 841
478 987
135 430
998 146
985 785
267 254
246 818
462 367
979 579
33 285
159 437
863 929
20 13
238 582
6 40
190 341
854 684
877 142
696 570
306 954
275 441
811 155
542 25
625 96
379 253
159 747
830 276
206 530
688 317
268 869
30 348
159 888
113 954
683 114
5 2
610 885
722 679
484 694
677 481
513 576
346 691
256 727
12 590
21 857
833 163
374 205
743 563
29 446
633 931
804 996
970 460
407 856
263 293
908 522
247 998
433 622
109 769
368 840
682 363
973 856
615 571
407 86
289 622
88 4
120 661
808 172
681 418
611 801
558 792
117 40
245 483
429 156
164 95
645 680
966 476
469 860
110 786
145 638
789 445
774 675
442 200
25 416
524 958
67 573
374 939
768 584
163 110
970 866
438 180
955 26
6 968
499 390
194 680
729 761
349 664
6 859
40 132
783 565
276 437
885 631
708 464
893 76
346 305
772 821
993 542
9 423
960 744
543 422
581 767
341 634
837 645
204 262
519 185
190 369
617 43
928 586
931 375
78 335
180 303
623 5
860 473
534 542
556 962
775 352
962 361
942 398
952 683
901 410
319 821
786 970
476 932
26 887
636 86
568 238
329 670
190 909
530 342
126 783
614 621
625 92
863 494
645 167
459 924
981 127
194 323
216 183
92 354
356 929
938 725
500 486
192 991
231 342
982 522
998 575
645 635
83 404
429 128
13 449
785 360
476 189
849 701
850 398
297 534
896 618
221 239
244 48
427 624
390 644
597 628
533 301
870 183
448 676
362 982
73 281
498 278
870 6
345 697
589 486
845 892
663 591
775 17
742 204
10 157
138 86
105 25
686 296
778 134
449 516
342 329
417 102
635 630
214 375
720 596
578 746
940 261
213 325
765 376
933 604
597 627
907 549
164 878
993 51
511 756
95 950
228 277
691 599
798 665
322 206
985 438
679 142
421 930
249 499
160 396
752 502
582 194
757 587
967 32
714 346
243 910
264 265
620 324
915 439
236 445
311 397
155 161
878 999
761 219
541 749
49 759
377 226
31 931
643 37
790 308
923 341
961 922
376 422
657 385
931 894
49 20
554 539
189 381
297 626
780 73
140 1000
970 811
499 47
461 676
387 513
651 508
108 442
898 143
920 491
918 842
236 135
797 955
799 93
72 236
435 954
510 322
779 481
564 841
786 21
310 213
538 888
557 172
970 502
103 550
414 151
107 931
310 836
628 199
415 533
228 245
465 237
871 605
141 982
570 56
930 734
522 167
7 941
582 803
587 919
34 781
381 928
466 644
989 803
683 504
33 161
603 161
696 181
848 72
706 170
410 695
160 202
276 528
498 928
213 443
325 914
472 251
429 958
167 414
833 198
669 888
673 381
364 968
644 170
577 217
249 682
373 987
687 482
52 797
501 146
503 548
490 645
730 758
308 566
93 296
429 806
265 989
967 298
379 75
39 791
64 65
400 161
376 339
178 505
733 993
824 746
292 113
990 360
447 983
935 834
763 313
763 687
619 615
822 720
628 359
188 896
945 59
158 824
430 957
612 659
846 325
594 226
810 935
139 524
188 631
204 608
201 816
466 881
709 179
140 754
604 399
534 422
591 179
78 98
559 977
883 113
688 65
262 52
674 428
161 199
831 158
480 539
554 977
134 141
121 983
220 964
203 974
479 841
185 79
655 842
312 34
797 229
948 119
255 615
848 195
738 350
820 41
971 143
955 276
905 237
815 374
503 490
680 555
626 347
616 349
330 256
839 29
571 835
734 269
457 359
791 862
867 172
568 271
724 402
27 930
211 193
528 653
875 230
571 545
678 327
737 793
26 246
724 1
454 332
899 391
649 684
135 969
429 44
512 800
879 980
326 956
572 60
40 341
828 406
98 695
979 34
301 114
842 342
241 881
385 63
73 380
366 987
757 266
996 630
379 604
346 399
55 293
189 979
466 996
675 232
192 336
384 31
239 41
314 336
208 307
542 856
821 271
34 83
44 386
938 493
730 42
963 50
937 659
976 199
981 570
945 636
425 349
566 364
532 52
297 656
863 698
19 139
857 501
360 827
850 937
60 613
545 16
472 772
891 3
982 446
674 999
179 447
71 117
769 985
973 537
890 329
728 356
86 338
861 728
346 519
386 878
478 24
226 81
514 926
871 214
565 480
930 831
199 870
2 446
40 245
627 859
848 604
452 514
236 489
165 931
352 662
334 618
463 130
984 475
567 520
991 214
880 220
373 468
455 542
421 666
443 958
316 416
835 900
527 634
72 900
18 598
852 449
600 154
538 208
866 741
482 762
448 566
885 448
608 788
129 493
421 845
426 697
875 723
980 476
619 372
751 403
556 355
124 701
270 761
298 503
796 26
599 844
394 61
414 54
231 584
376 549
792 304
881 568
806 66
957 809
498 72
940 375
194 881
67 229
967 590
824 424
475 856
938 336
777 854
32 267
270 309
808 892
436 37
647 886
636 4
548 850
200 672
294 30
849 362
942 858
674 920
490 893
298 356
449 240
624 674
680 596
806 20
535 590
757 586
994 300
903 938
189 14
136 486
815 302
326 425
759 157
711 30
696 269
883 909
540 134
283 407
509 888
936 427
240 776
278 174
908 817
748 432
733 260
456 752
202 476
168 196
225 21
196 754
847 445
171 948
129 877
410 304
257 131
331 798
126 377
31 81
859 624
550 951
936 999
793 98
645 897
615 151
229 296
727 569
906 111
452 73
570 372
941 507
451 115
470 957
396 560
950 75
932 706
681 966
40 96
138 75
871 975
594 432
91 86
110 246
113 690
350 673
834 736
397 976
569 391
933 750
695 451
367 794
702 421
498 255
523 338
910 694
660 921
204 45
569 97
8 495
523 560
449 35
217 63
643 567
381 884
829 256
977 533
869 399
374 231
912 724
364 969
386 679
443 570
136 386
959 530
283 85
18 516
681 170
166 290
353 297
500 424
684 933
532 663
344 928
277 544
739 461
61 201
870 673
685 508
70 25
911 637
644 856
460 945
706 561
197 426
552 183
19 794
149 727
225 49
471 642
537 694
899 315
267 697
305 74
362 227
788 609
275 910
595 89
128 599
724 472
893 836
287 991
71 820
963 426
357 135
15 961
457 625
189 974
293 1
408 11
673 513
910 854
547 56
569 592
55 901
223 755
510 392
450 269
198 951
336 428
393 955
674 28
650 486
767 691
626 773
882 155
51 507
997 186
601 705
87 166
324 973
206 528
122 599
304 205
433 928
968 543
532 128
111 413
973 274
385 809
762 551
348 33
601 995
180 26
808 707
995 183
333 516
544 333
816 546
393 375
242 36
925 753
21 48
19 378
65 456
47 72
602 498
771 260
757 947
795 154
444 100
299 811
909 430
634 739
805 959
822 345
610 151
666 741
335 498
429 777
486 890
933 393
19 713
304 509
876 197
89 525
40 455
352 489
595 279
118 640
912 11
749 994
823 383
720 964
404 927
819 716
380 558
287 34
220 71
205 661
546 563
414 419
254 162
310 112
520 702
978 38
233 101
310 227
719 845
745 194
466 997
876 792
9 421
962 581
962 746
38 433
582 590
896 123
307 569
845 9
850 673
836 348
952 305
972 908
366 391
497 116
152 697
321 262
659 170
255 949
169 986
795 570
872 151
88 678
520 371
591 1000
915 583
501 390
543 885
360 986
971 170
240 176
43 735
887 502
139 796
894 275
151 173
155 86
429 587
247 964
602 757
584 856
951 970
518 991
903 871
64 236
743 612
676 419
164 159
39 841
836 681
799 551
819 413
516 14
3 168
979 227
136 519
231 54
322 846
70 240
884 812
331 740
117 187
236 543
149 880
41 543
405 486
301 85
489 205
144 272
500 971
996 80
395 97
383 17
849 494
694 246
716 922
257 497
42 633
6 212
719 637
985 847
267 824
328 826
811 967
263 332
600 838
128 497
293 921
720 379
612 697
9 338
798 82
103 738
773 272
261 204
355 801
997 242
802 480
147 45
384 649
560 306
657 648
485 575
713 788
933 555
915 48
96 882
830 445
688 598
302 762
138 635
507 840
750 454
511 640
757 728
424 644
497 370
26 760
263 929
235 706
878 280
56 335
539 394
460 465
961 92
724 34
49 954
361 888
839 87
735 6
612 291
316 240
317 169
815 158
853 471
411 172
106 716
584 884
911 747
326 57
607 88
847 745
999 994
891 765
395 624
107 170
645 460
581 462
247 718
430 90
892 769
40 496
779 551
547 451
343 643
515 97
404 992
991 620
558 193
205 836
432 473
305 45
968 504
658 619
110 712
864 316
205 716
281 4
944 324
286 279
343 322
520 743
546 635
214 995
327 846
868 626
621 870
276 111
205 447
315 707
381 350
419 609
354 714
305 395
689 836
198 987
972 758
294 462
704 768
501 826
985 581
124 23
15 416
492 595
733 651
354 556
485 450
488 314
18 279
935 32
892 131
548 887
755 397
521 197
62 39
281 956
764 453
768 452
180 276
355 136
913 300
633 631
388 362
597 148
943 504
965 592
325 945
218 515
491 185
790 517
682 370
143 291
377 418
305 653
567 685
387 419
406 397
672 275
377 19
161 786
753 664
645 544
179 727
952 235
657 466
810 752
216 284
965 916
782 634
508 705
743 227
908 52
965 37
90 737
516 561
9 985
847 1
409 987
373 394
582 310
16 787
469 935
811 720
115 255
742 424
174 452
162 404
974 47
315 382
341 385
870 460
530 907
495 121
190 457
465 190
391 850
72 488
974 457
595 916
357 457
33 387
531 212
555 258
127 351
566 134
425 958
418 462
129 513
350 557
151 708
152 350
704 923
924 964
318 79
431 692
877 804
454 639
221 768
664 313
818 703
910 258
108 758
381 678
791 517
705 844
765 512
866 441
39 753
706 430
329 449
240 228
47 75
909 348
71 177
952 961
293 247
278 373
745 986
669 636
966 166
611 242
957 417
174 949
31 980
884 602
13 474
16 450
505 121
109 689
538 331
885 48
980 228
676 253
902 534
576 783
168 300
923 396
687 479
448 556
552 434
291 38
591 115
222 754
885 338
228 587
414 416
72 215
924 688
537 435
228 986
724 967
393 619
582 429
110 482
457 620
333 129
244 364
806 832
755 920
587 129
354 771
229 65
211 970
319 390
246 908
85 514
600 794
879 104
682 980
722 652
673 780
528 732
806 445
886 719
704 999
529 990
545 421
841 782
252 507
989 922
632 649
815 310
593 843
303 258
643 737
739 840
868 172
101 664
28 59
947 791
255 746
754 311
386 14
579 928
800 51
963 513
178 891
855 535
14 493
843 119
554 238
339 968
925 581
92 900
75 862
916 888
389 664
528 604
782 865
966 130
372 582
308 1000
735 963
757 549
256 483
672 347
912 330
362 273
736 526
952 571
607 261
850 506
562 390
226 529
801 810
605 356
805 866
112 391
849 690
922 14
10 580
693 961
965 108
417 590
509 288
560 570
758 957
338 72
504 416
909 917
345 924
966 334
955 59
866 594
104 533
177 479
879 712
917 491
332 573
828 666
975 293
867 868
63 959
180 633
91 430
989 393
759 791
334 198
121 763
337 710
534 735
276 59
560 70
924 767
51 893
471 424
717 400
318 293
266 320
765 388
911 272
803 699
695 505
694 666
590 376
164 689
603 70
475 226
73 811
807 112
441 847
189 441
382 394
303 433
855 868
986 245
894 986
753 294
562 772
934 460
422 176
687 652
401 107
477 640
23 276
190 831
620 304
749 468
952 778
614 296
921 765
103 345
156 874
505 184
38 322
739 467
796 826
992 533
754 652
349 232
540 311
961 26
857 685
163 380
857 734
503 312
334 358
504 77
469 248
840 423
434 648
709 812
240 583
738 474
225 245
723 114
390 359
421 800
525 280
747 136
90 701
788 574
632 865
345 873
860 88
951 179
720 683
849 509
884 86
907 873
11 217
183 346
522 592
355 529
82 331
599 850
711 884
487 547
76 429
372 512
915 768
538 537
336 81
925 167
930 223
532 127
950 282
955 624
540 514
318 80
564 392
531 833
694 799
934 270
845 417
652 987
104 235
485 594
109 102
830 94
102 663
961 285
834 5
835 484
694 569
753 83
80 259
264 202
854 179
527 75
86 297
576 611
575 383
156 991
639 520
74 368
369 948
444 66
140 331
107 248
986 525
737 641
762 52
253 703
911 639
550 277
884 583
791 21
905 690
581 417
73 154
537 523
511 328
168 162
386 233
381 411
465 608
871 472
54 722
704 647
348 955
866 824
975 78
390 688
162 828
305 72
513 419
141 465
4 286
354 741
784 725
940 168
480 321
334 28
775 965
872 594
951 603
506 816
603 706
345 758
845 932
989 497
132 700
349 594
595 806
155 885
745 117
29 852
980 756
431 992
87 66
803 277
920 23
797 303
391 738
587 328
414 769
852 20
835 21
160 779
952 279
418 463
647 322
970 86
125 606
53 225
31 937
807 56
510 904
981 773
487 91
877 948
678 815
809 684
66 332
170 478
763 606
104 263
138 560
123 466
325 626
731 659
22 690
494 623
841 13
778 459
249 424
284 249
985 28
217 138
70 154
592 330
173 719
946 337
14 385
967 485
753 857
316 185
892 855
500 230
265 621
503 517
667 70
61 235
311 359
32 590
969 483
589 954
596 70
524 811
620 828
850 313
672 909
486 53
414 278
698 901
954 363
495 841
775 687
158 795
270 881
951 74
239 340
701 639
845 327
967 898
149 842
385 222
439 903
757 485
286 14
264 321
64 778
859 969
608 183
510 635
39 195
856 544
332 443
63 201
781 910
650 906
345 492
788 42
891 329
51 574
342 3
403 125
958 201
398 81
640 400
38 155
683 82
460 201
337 530
924 140
431 312
255 516
351 113
133 206
411 932
201 350
515 570
960 667
522 702
83 604
393 482
964 879
783 309
397 474
382 744
576 939
13 138
967 457
571 864
327 659
724 322
541 404
819 110
13 27
739 151
687 47
28 504
981 462
988 510
418 659
595 324
795 390
300 984
192 241
121 205
268 62
332 746
808 27
519 567
126 169
148 459
504 417
909 916
325 349
793 907
150 280
409 914
199 17
90 585
793 52
423 337
326 712
584 254
822 40
769 92
509 867
347 72
419 583
242 926
849 142
898 277
555 316
152 505
427 65
388 405
708 869
488 448
289 145
872 434
406 968
427 367
302 649
132 200
958 116
869 647
47 959
449 68
2 660
964 685
246 605
635 385
683 207
321 2
468 855
51 169
490 907
753 7
737 574
12 576
796 21
815 299
47 157
269 179
364 119
883 993
347 835
503 604
144 803
216 876
353 371
406 487
942 277
587 230
460 768
193 411
657 500
658 839
878 858
657 157
279 64
351 702
870 922
733 434
595 465
830 680
743 249
782 527
431 915
127 788
258 379
872 857
136 771
676 468
603 987
484 274
918 846
232 583
682 207
145 868
534 414
976 582
243 73
447 371
485 12
638 66
223 664
314 164
650 282
279 870
211 532
86 640
656 647
20 118
348 395
707 212
410 866
622 417
849 123
635 534
262 878
163 527
897 397
341 784
825 99
19 20
481 917
657 270
262 648
963 813
947 688
18 164
517 142
995 156
522 788
961 284
670 420
574 64
223 114
830 46
339 100
602 393
325 558
717 584
520 412
39 604
297 5
977 667
821 986
435 147
808 407
610 799
517 305
41 8
39 557
540 118
597 3
247 910
199 811
628 943
296 90
724 378
467 147
342 20
306 47
36 900
221 384
701 918
481 51
248 290
301 360
831 963
382 877
295 782
461 610
995 566
440 28
427 275
220 207
75 724
794 10
997 513
944 659
961 747
837 104
35 162
865 119
884 917
34 502
568 989
477 506
360 638
339 393
861 276
899 653
974 45
589 426
186 399
150 546
733 472
472 752
989 78
242 934
746 342
394 323
489 711
493 247
498 143
946 955
674 138
638 683
731 71
878 154
256 287
518 27
243 609
206 535
389 93
997 264
88 606
610 318
161 406
643 886
401 391
275 154
945 232
99 382
255 532
726 201
29 151
431 295
950 513
223 193
407 286
561 742
446 352
416 947
694 538
716 70
39 279
42 149
605 858
117 352
463 916
869 945
395 732
32 242
344 4
606 316
718 922
849 596
829 3
846 646
464 877
164 358
934 838
79 853
575 624
639 269
72 541
731 862
199 668
151 473
612 157
176 555
818 118
804 421
309 833
554 588
828 35
101 260
561 499
211 35
448 959
12 16
755 606
386 381
98 691
392 994
120 999
249 639
159 80
131 563
6 973
758 966
779 335
873 376
432 114
784 231
880 624
366 991
92 809
138 300
68 45
785 707
146 851
935 721
662 267
77 297
6 239
137 620
543 28
910 817
413 231
404 478
390 217
780 593
802 249
54 362
664 202
284 747
650 52
100 67
655 654
962 149
855 834
489 989
551 69
72 111
392 122
105 525
402 79
190 950
598 19
468 828
360 989
770 738
56 438
368 504
193 227
570 507
69 592
514 767
861 724
921 743
773 782
723 687
868 396
744 754
714 790
442 693
244 633
616 460
527 928
325 792
587 253
738 99
260 629
672 349
891 579
729 284
892 760
59 277
61 383
101 690
951 526
305 949
838 89
6 92
168 379
888 298
482 519
211 63
12 52
819 700
300 313
679 920
258 404
336 924
482 758
272 344
277 25
305 224
955 170
703 536
922 337
964 52
486 304
713 332
309 281
435 978
55 261
940 77
660 316
318 848
768 917
220 618
81 436
688 156
379 203
952 353
128 355
437 487
242 65
423 148
869 420
683 745
29 61
512 25
199 657
60 725
635 875
856 154
829 647
139 407
397 283
623 363
950 969
493 882
77 627
904 177
382 698
853 99
321 946
950 747
88 931
566 648
496 440
922 684
912 234
235 997
218 733
109 270
778 795
235 114
105 433
349 230
246 628
433 139
143 828
781 855
704 10
705 487
675 667
987 669
758 819
708 44
849 668
991 617
379 85
524 991
432 476
801 933
23 952
245 760
10 344
546 630
896 361
272 467
739 981
148 206
224 956
686 330
101 362
304 287
690 697
25 814
544 778
123 815
836 98
565 125
785 804
309 494
703 623
662 418
404 406
208 255
540 767
548 525
141 977
20 230
498 104
112 572
762 417
534 987
848 446
464 439
997 275
284 322
69 980
360 232
19 23
169 902
170 105
348 37
48 517
837 779
949 449
271 245
610 587
203 227
544 293
639 724
548 961
959 905
345 450
873 712
929 750
52 875
329 554
75 58
523 786
965 605
468 987
105 999
658 119
696 190
951 926
753 947
93 434
493 632
630 347
5 748
209 833
709 600
23 24
61 197
199 699
723 837
925 813
359 49
764 695
150 116
67 641
444 273
583 486
550 757
607 492
83 192
67 583
853 556
358 122
162 689
128 961
865 118
757 384
520 600
297 738
836 785
983 962
314 88
736 133
828 749
653 470
233 141
654 849
768 640
751 471
201 495
158 991
984 834
660 261
955 323
777 551
618 395
584 55
973 91
778 91
64 863
873 223
427 136
375 246
582 768
845 498
209 336
506 754
52 186
380 287
293 688
425 264
8 288
670 374
473 20
19 160
838 551
711 303
553 661
198 273
951 845
218 627
688 794
757 526
888 851
961 25
725 96
196 882
783 320
71 178
991 493
106 515
841 460
370 908
653 801
351 979
92 705
808 146
900 706
231 401
870 670
170 931
561 226
642 265
279 372
802 707
654 608
509 281
645 803
867 623
232 738
547 365
605 63
292 880
225 307
758 967
952 587
258 723
131 579
595 230
174 487
965 312
997 170
552 723
724 764
909 147
112 937
901 593
724 672
582 578
991 689
439 679
943 151
394 356
660 127
293 626
220 566
668 514
815 733
962 355
176 436
911 780
536 180
612 487
155 750
158 503
734 918
130 800
972 31
646 344
540 763
192 617
660 716
554 459
442 993
27 345
903 957
429 566
530 227
381 937
60 374
143 255
388 301
942 652
486 568
503 634
109 991
420 158
807 610
244 634
488 464
840 833
877 474
180 430
455 644
956 943
411 482
430 66
931 763
454 452
371 486
979 231
781 101
567 948
326 770
685 457
614 497
631 525
712 633
309 981
520 701
701 703
996 817
580 432
960 959
656 511
306 568
510 33
646 734
392 765
679 960
641 510
642 849
8 813
698 104
976 890
461 254
686 521
360 495
413 123
536 498
461 335
589 716
138 178
410 959
547 722
347 519
489 559
418 501
209 408
617 299
265 414
69 896
584 700
384 513
346 851
682 233
721 261
406 953
434 398
56 484
588 193
378 211
431 79
804 939
643 623
274 502
40 567
313 612
26 631
613 529
924 230
30 971
58 836
94 158
668 89
744 751
653 779
395 743
378 949
655 333
625 348
990 84
772 175
576 824
518 959
444 40
819 76
279 610
72 711
605 419
491 15
874 914
222 141
649 525
666 230
302 37
564 106
639 196
987 879
644 752
611 895
210 828
266 634
619 152
529 176
268 220
14 520
827 823
426 868
335 212
727 726
538 602
675 363
572 993
420 374
666 106
513 377
414 364
822 377
2 882
701 564
561 449
615 146
564 928
230 244
486 322
340 966
63 988
998 233
470 950
860 202
537 25
157 312
506 906
345 520
181 178
755 85
78 298
445 765
968 12
768 114
842 815
704 772
553 781
29 864
256 309
833 525
100 4
47 639
850 634
949 95
660 934
987 351
954 583
648 998
740 116
177 870
532 344
954 12
338 903
305 426
835 489
497 274
47 114
970 467
748 157
868 502
339 640
265 741
221 764
166 295
743 603
523 866
675 971
456 563
438 615
365 573
921 591
26 365
245 103
767 294
149 609
848 680
67 808
528 310
875 129
199 587
410 238
712 546
785 298
89 933
986 748
940 722
444 385
241 847
607 636
727 619
656 424
435 879
440 579
684 350
157 164
909 555
896 374
510 352
257 396
280 987
67 501
485 46
57 303
741 381
157 159
414 245
452 328
953 357
350 759
367 191
246 932
720 336
380 58
570 230
890 891
983 502
640 24
859 140
753 385
256 273
276 988
759 367
262 731
764 7
735 390
4 806
226 754
388 133
561 651
928 370
947 654
40 594
32 556
616 165
444 327
216 307
306 189
333 912
943 299
748 817
897 390
666 972
114 513
887 414
675 790
597 802
992 754
338 540
818 786
677 93
625 356
207 258
323 287
767 474
161 818
58 606
518 790
154 45
14 593
978 366
734 160
240 676
408 432
656 246
486 209
586 123
474 945
694 461
699 441
447 727
380 666
896 419
825 515
382 504
789 152
828 754
499 60
686 272
745 308
71 932
771 626
132 780
266 118
721 302
746 313
362 558
238 501
313 34
388 948
979 480
708 253
584 419
488 88
722 465
691 930
780 689
470 75
164 994
381 612
955 701
540 581
924 162
638 596
786 965
863 305
989 918
21 932
545 51
427 405
657 560
235 588
520 376
575 466
616 129
778 688
835 417
375 360
970 408
632 875
293 6
40 549
574 233
408 976
260 849
550 118
697 546
306 98
568 305
883 804
867 770
865 173
593 802
616 605
145 305
320 556
495 539
222 801
91 297
957 306
944 639
612 154
193 557
748 473
876 294
805 573
442 260
794 209
889 213
211 449
783 158
490 8
309 980
831 883
42 133
67 542
540 900
793 904
742 72
943 726
766 495
210 185
534 497
93 863
814 865
638 37
366 872
233 981
894 258
87 759
647 80
480 618
941 691
923 936
250 13
159 394
92 181
536 499
313 62
594 345
116 565
707 138
356 100
780 710
990 165
217 666
234 600
842 923
350 606
5 161
977 240
803 524
787 403
934 169
744 20
891 199
138 917
251 100
271 147
972 60
720 45
89 242
761 511
866 394
84 435
482 232
229 694
468 850
584 923
200 900
576 539
44 993
133 432
597 251
304 894
356 527
913 212
770 631
255 283
420 812
353 263
541 452
782 982
30 859
52 695
992 698
990 85
874 562
430 492
286 813
115 682
638 966
409 311
352 295
560 764
248 376
680 311
487 427
144 83
250 194
663 420
657 267
107 348
988 227
386 991
150 328
727 582
853 903
862 623
807 362
387 919
768 678
716 804
854 958
953 479
684 409
816 97
375 974
46 602
451 6
824 620
200 262
276 219
168 960
121 772
416 494
94 797
99 617
685 658
925 163
48 729
600 982
674 101
603 9
713 729
734 845
913 937
254 699
4 700
722 409
816 734
691 484
927 762
877 827
950 649
904 751
539 734
58 608
886 523
639 216
463 750
872 69
66 4
473 62
790 845
210 10
674 950
490 859
614 629
721 497
649 108
173 854
154 63
691 297
288 660
700 553
481 741
136 392
851 455
1 429
730 496
79 717
544 116
292 410
700 271
493 519
445 356
505 457
303 890
197 259
594 665
406 113
72 627
1 425
495 595
671 700
80 17
267 298
602 209
434 729
533 571
918 15
98 682
944 662
417 522
168 340
334 497
600 455
563 765
529 957
253 255
621 427
556 402
196 1
930 373
879 268
534 441
24 434
50 762
694 179
2 633
175 627
524 470
256 244
519 77
25 953
519 557
779 224
484 122
391 734
251 849
270 469
89 623
384 412
955 547
480 897
815 827
485 400
752 873
949 1
751 917
573 412
65 902
910 660
507 41
660 955
807 471
5 10
627 687
507 134
697 442
683 251
41 606
653 543
47 880
319 767
584 580
510 750
865 665
784 157
27 236
200 988
425 953
687 817
389 542
815 93
108 183
970 214
438 576
75 774
773 713
652 398
821 733
880 183
259 220
80 815
192 233
183 144
763 610
784 941
605 283
309 846
98 735
995 599
422 198
528 418
177 212
106 178
343 547
315 66
317 656
180 844
932 467
457 821
331 988
426 716
29 609
230 34
324 35
612 990
443 343
791 913
504 359
120 213
77 294
171 289
153 302
525 574
732 454
293 798
845 801
743 728
90 770
788 71
440 301
574 624
223 610
738 962
501 844
24 204
659 466
398 362
238 101
215 783
290 674
111 334
313 259
150 926
903 973
985 305
693 96
850 987
185 313
316 533
152 558
105 115
542 287
601 961
730 231
290 900
958 47
891 24
708 690
864 299
757 639
777 511
482 111
136 356
29 410
268 169
277 640
169 15
460 570
868 399
891 870
731 913
127 312
729 980
700 320
313 808
577 11
406 479
30 809
207 225
176 635
231 223
1 608
922 920
151 510
266 580
891 565
213 545
854 610
300 875
434 737
864 278
335 867
482 757
214 848
654 749
396 293
969 674
36 268
537 481
903 182
137 979
653 395
414 385
291 342
422 956
668 956
120 228
954 109
957 870
266 107
156 715
747 606
769 80
272 648
484 163
252 199
211 858
436 957
368 978
649 260
958 798
831 20
427 210
583 631
638 742
108 533
697 16
806 466
95 809
665 562
618 626
30 668
643 691
204 151
78 648
834 58
51 316
956 521
833 242
596 908
85 101
268 523
235 696
897 399
19 331
995 66
725 437
852 88
289 225
97 936
481 329
374 748
888 974
827 762
994 9
386 111
847 504
960 552
272 10
571 622
398 766
965 930
187 377
480 237
101 723
378 516
541 841
54 715
384 483
383 501
480 92
615 942
84 962
912 73
788 596
291 20
903 261
555 196
420 286
723 486
686 222
194 744
140 710
954 158
202 923
702 784
189 931
500 676
196 189
149 225
110 817
103 606
340 892
824 621
418 194
55 667
300 290
263 430
720 63
4 558
48 730
761 805
91 220
73 889
313 202
711 550
363 700
876 495
990 619
517 889
275 130
848 64
544 713
506 332
898 689
521 207
243 679
383 649
798 765
752 443
270 58
462 893
679 170
627 589
960 680
407 359
679 315
293 76
97 277
481 740
106 667
86 413
805 481
221 762
369 943
478 219
13 206
16 318
697 601
668 166
723 985
481 454
745 881
857 867
35 507
364 373
476 351
439 325
848 682
120 753
636 713
194 317
89 570
737 870
405 326
960 131
762 275
410 236
783 151
16 107
297 598
227 789
859 548
841 17
335 859
762 501
672 981
289 567
897 944
993 815
131 616
225 389
577 936
727 474
208 292
132 810
964 483
67 503
620 665
521 857
141 686
419 434
209 26
927 810
698 46
954 916
42 714
560 3
923 915
907 310
530 679
271 903
874 779
556 983
629 647
225 833
33 118
821 469
255 777
721 917
648 565
260 315
502 754
105 388
423 814
696 912
308 478
901 79
208 794
762 657
964 898
587 358
501 181
990 865
107 985
132 19
543 815
790 584
79 563
208 568
501 205
175 12
694 122
550 72
976 934
631 919
767 375
397 147
866 4
892 720
877 388
182 602
240 855
848 662
32 579
235 204
336 474
188 862
671 659
325 467
111 582
240 565
810 865
875 909
694 451
753 802
901 811
780 152
432 118
63 897
4 934
156 764
750 581
92 183
120 312
638 926
949 977
661 77
752 65
299 132
337 73
836 421
212 113
315 920
683 282
669 323
926 178
413 5
750 278
327 707
115 285
741 113
671 410
964 400
570 875
901 385
225 990
635 835
185 81
229 958
747 945
952 423
181 827
976 477
80 162
354 321
644 308
368 365
596 717
652 879
122 852
639 745
825 377
644 219
550 229
865 533
493 684
761 484
548 684
131 198
593 919
227 657
670 813
253 753
549 932
478 386
349 158
889 505
746 530
448 241
412 596
790 289
442 403
409 202
943 781
680 75
398 658
936 213
430 225
121 321
488 732
35 145
953 886
201 249
24 606
758 951
620 940
698 930
611 691
775 874
413 933
239 375
64 589
125 108
769 38
698 132
699 165
870 398
708 61
637 497
93 639
890 991
410 779
916 17
699 899
574 621
774 83
703 843
595 594
890 846
981 629
284 715
447 137
730 823
638 660
750 306
941 796
916 384
518 84
5 175
797 387
304 213
88 619
820 804
716 341
682 837
310 514
693 67
767 180
753 216
536 770
76 75
242 351
887 141
601 988
507 833
973 420
657 931
623 484
652 49
169 217
446 368
544 507
149 476
654 112
857 100
51 221
217 197
596 455
118 7
190 688
446 542
608 200
537 791
279 106
520 766
235 118
681 80
993 326
114 809
577 391
338 373
339 948
38 823
767 412
221 40
149 699
480 238
577 304
893 598
898 98
352 424
795 278
887 900
982 888
861 105
22 389
405 3
980 393
943 519
712 743
974 171
477 401
595 50
693 705
111 860
98 211
54 52
977 423
890 896
154 598
151 513
290 406
720 463
684 42
298 893
560 24
380 17
487 847
241 381
922 394
996 251
891 391
998 601
211 889
786 617
414 958
811 198
540 536
958 827
636 433
503 74
341 795
752 734
199 333
38 853
204 37
830 497
264 914
941 313
48 569
950 574
891 687
748 953
217 7
255 731
259 294
920 620
482 421
890 294
330 881
937 175
758 273
27 179
355 286
28 232
35 668
571 830
208 722
44 854
670 730
142 275
456 566
516 228
615 670
875 245
539 909
786 350
426 381
883 798
865 319
866 976
229 989
525 195
800 462
286 713
633 948
26 10
814 227
248 150
780 407
909 245
461 239
397 812
339 174
658 582
404 882
462 40
27 541
893 860
822 344
560 855
154 428
121 603
547 83
607 799
138 388
486 508
720 540
43 257
741 378
962 633
870 342
963 176
103 637
87 88
141 864
346 210
788 429
113 709
124 451
180 349
741 412
475 875
829 888
958 836
707 68
780 648
20 373
259 983
461 485
130 856
685 763
223 191
890 600
446 410
855 810
19 164
901 78
960 518
971 575
402 247
6 403
313 560
544 436
174 627
375 310
52 264
640 583
660 522
717 615
593 537
193 139
585 665
322 465
251 509
808 376
791 849
369 586
740 687
763 262
749 295
204 451
255 418
886 64
279 146
88 189
737 784
653 238
550 922
409 139
909 136
306 360
687 344
473 758
58 716
884 720
120 893
374 557
799 361
179 897
250 512
505 306
520 584
867 659
178 376
687 484
943 590
12 156
228 406
179 989
24 754
558 115
447 720
927 90
324 45
141 593
404 133
979 779
214 532
766 65
119 617
133 739
437 325
963 172
119 399
976 176
959 9
542 99
265 21
600 912
216 581
697 777
309 196
189 430
744 59
315 395
488 377
308 12
41 315
364 875
956 615
151 967
798 570
881 85
74 720
386 756
902 532
762 805
588 937
535 658
424 462
316 228
961 249
619 517
179 164
53 643
147 578
61 152
338 511
452 523
19 636
684 846
502 421
250 322
89 704
236 369
993 426
850 501
867 465
80 781
836 544
452 809
589 856
805 875
678 491
292 178
754 837
149 791
615 900
111 613
810 834
15 867
568 880
475 358
681 567
521 938
370 624
650 526
409 916
822 256
475 151
93 860
646 722
258 691
794 353
776 812
833 874
775 11
328 445
634 979
618 444
607 996
647 77
319 236
472 685
380 14
162 185
699 898
719 591
725 910
284 708
711 687
695 502
38 991
789 893
996 948
389 15
212 934
503 97
698 313
316 580
262 678
873 949
711 461
68 593
868 248
173 990
985 444
682 100
131 502
424 405
248 848
307 217
667 329
354 68
1000 750
506 123
469 373
221 660
807 685
222 87
630 368
408 815
404 462
887 323
178 233
964 984
363 175
607 64
916 795
335 269
134 936
411 341
340 117
179 817
192 164
84 114
31 917
490 329
766 733
178 346
520 207
59 165
686 2
532 692
386 318
941 208
448 619
852 172
859 587
125 185
309 678
45 172
570 38
845 901
811 637
393 676
31 382
822 415
135 460
160 536
110 268
402 701
37 954
57 492
668 672
101 119
945 721
711 770
532 349
696 664
146 713
254 702
846 930
342 442
821 96
344 773
517 871
4 846
998 84
173 945
981 874
450 994
722 483
844 22
403 296
317 124
583 891
584 555
749 143
666 837
655 399
576 634
174 711
191 623
586 492
843 560
883 963
178 141
641 803
36 819
199 801
705 164
185 438
981 287
361 638
416 151
680 998
240 813
282 14
734 200
196 750
918 403
757 105
371 418
80 981
870 952
762 273
84 773
16 109
514 228
842 169
158 81
935 884
148 538
297 596
653 239
56 163
380 515
586 210
609 19
112 597
756 166
68 512
945 49
853 920
419 979
931 98
789 128
385 90
441 879
194 714
546 407
837 372
200 71
805 662
685 64
431 888
966 939
570 384
555 604
686 474
332 802
849 200
27 627
864 907
846 783
224 554
725 582
642 115
569 426
312 189
644 371
497 71
6 321
322 106
431 700
363 666
626 28
809 516
310 715
811 434
907 615
322 157
70 551
613 850
317 406
174 513
469 15
414 708
623 430
200 880
350 198
468 917
450 744
184 452
682 463
576 582
985 411
830 863
868 406
209 791
504 609
914 234
176 168
4 358
645 914
321 750
361 969
476 398
829 142
373 50
623 866
764 674
938 518
724 11
839 970
788 808
753 525
224 317
866 868
443 29
26 111
979 191
248 179
637 935
895 610
299 551
397 371
475 492
673 664
754 945
519 601
741 985
446 730
248 34
301 104
547 272
277 837
201 172
534 126
470 617
996 745
888 498
281 196
376 198
210 189
510 305
810 897
673 587
107 583
471 190
73 763
745 201
393 764
855 276
250 965
641 6
551 575
422 625
262 263
449 565
507 379
424 853
811 867
997 847
929 252
185 92
503 9
915 529
924 945
281 689
377 964
623 127
218 448
443 449
501 619
356 162
322 78
416 247
754 77
77 760
351 489
246 412
63 293
393 265
359 978
674 906
425 907
717 320
772 259
557 831
164 595
813 826
982 295
535 685
423 643
687 982
9 731
456 992
681 233
630 132
245 170
396 156
386 902
204 641
5 944
335 473
680 958
149 677
826 442
135 918
780 599
917 672
735 745
97 77
280 603
46 390
737 499
474 913
55 204
561 335
814 907
357 996
339 361
414 373
224 39
477 395
101 495
713 229
291 347
510 301
572 824
497 626
354 989
923 654
671 36
323 970
77 199
722 252
137 690
871 989
564 545
944 157
102 757
312 279
848 313
544 962
375 772
548 614
402 888
534 561
226 596
8 671
741 147
506 708
270 259
919 658
365 680
998 669
130 769
226 694
192 586
30 530
985 602
95 968
619 706
366 62
873 726
657 929
477 664
80 430
703 414
62 274
710 430
657 818
800 481
239 898
554 202
38 491
739 74
79 757
505 64
583 69
972 508
900 353
886 30
870 691
726 695
505 49
508 976
434 975
239 864
594 689
611 789
62 735
581 437
191 953
486 827
641 992
643 46
130 103
740 838
908 162
236 741
93 108
724 178
926 530
328 131
954 443
457 865
421 902
261 689
448 620
984 590
968 371
914 777
921 35
997 712
249 624
159 167
915 701
572 732
21 66
885 387
176 53
487 619
551 630
864 130
112 871
276 112
295 308
618 401
447 457
220 857
552 575
76 421
276 231
115 441
759 608
581 700
185 43
846 816
890 864
363 800
750 460
552 861
773 379
673 191
692 333
736 296
809 559
20 450
4 847
613 973
561 610
195 700
623 292
536 864
275 244
958 27
542 346
377 734
963 710
89 210
824 27
697 275
991 209
848 865
646 436
317 482
744 786
47 201
434 318
416 797
327 201
645 228
353 438
778 967
994 292
838 735
397 27
424 391
120 534
529 484
748 232
195 457
791 956
859 460
908 888
213 900
967 287
736 607
878 910
610 120
918 289
386 78
795 470
851 147
303 759
819 808
434 834
970 912
952 763
370 836
558 891
282 446
177 172
106 858
316 833
755 587
833 169
872 813
709 390
469 829
897 772
167 606
404 892
386 259
775 799
903 362
962 802
876 520
718 287
367 375
499 39
135 13
749 21
471 149
154 569
231 565
54 22
699 239
884 289
725 867
138 21
893 45
452 437
369 337
538 820
25 957
864 208
859 797
750 488
436 112
916 442
702 335
155 536
303 384
806 281
147 108
140 632
256 794
222 146
630 620
578 459
725 264
191 428
982 425
821 869
512 380
920 586
248 649
449 182
394 785
129 47
934 159
807 743
460 530
354 13
523 820
709 917
178 223
86 444
182 831
539 250
649 878
682 330
658 228
135 311
532 701
992 614
476 399
156 729
722 165
532 812
274 620
13 193
266 684
107 506
288 688
1 393
364 491
790 139
216 442
998 318
430 778
912 315
906 623
84 649
822 651
895 824
970 662
646 613
304 593
68 133
660 449
953 569
704 754
827 80
217 638
825 631
867 506
572 644
138 248
119 619
154 541
266 115
589 238
845 221
178 19
206 809
815 881
677 996
381 285
842 785
574 628
719 629
280 218
502 563
565 799
363 859
548 579
660 5
458 701
336 17
30 277
15 483
592 994
80 22
354 493
426 46
869 282
997 341
289 382
40 676
206 747
630 729
86 143
70 512
146 48
256 528
96 991
801 372
164 604
806 231
476 734
627 518
791 657
348 825
209 737
908 595
891 909
998 931
469 351
363 308
145 121
436 392
627 951
921 744
231 501
218 704
648 511
305 716
378 778
434 40
35 282
793 599
369 709
406 66
382 167
568 677
552 234
758 232
552 702
267 281
253 976
880 806
221 114
884 822
728 858
378 607
895 406
577 707
664 706
576 414
387 529
525 491
775 789
842 369
384 313
22 367
794 508
428 82
214 711
984 994
513 284
844 617
573 592
632 20
885 430
561 40
582 390
436 756
788 257
516 784
810 894
813 210
727 268
806 869
328 804
935 323
202 837
43 331
279 971
310 999
369 281
132 515
370 50
358 979
290 339
110 80
475 853
960 819
371 612
239 438
310 513
517 146
534 784
483 992
688 576
195 370
601 801
138 609
806 176
40 559
437 563
763 117
356 421
178 901
808 532
904 712
649 196
868 472
373 806
377 291
910 29
880 390
661 885
95 233
703 494
463 853
309 676
433 418
820 266
531 345
638 141
717 702
450 890
155 189
429 822
362 491
145 391
504 808
114 804
687 203
156 513
361 529
642 344
553 147
58 531
476 230
129 57
978 672
373 154
802 658
75 165
366 717
281 97
486 26
69 2
405 156
292 807
165 575
44 320
427 584
525 271
34 490
931 72
823 46
220 1
42 801
629 817
724 913
410 473
853 798
896 352
237 706
861 264
902 330
816 242
9 430
929 488
824 642
277 833
2 622
404 46
243 254
673 995
147 260
755 91
37 952
115 440
43 183
850 829
318 383
251 840
604 113
290 260
219 406
115 297
318 462
621 527
342 464
234 697
423 628
237 774
77 861
55 267
742 593
338 650
801 97
659 707
677 670
347 507
534 845
904 374
483 235
601 908
963 789
346 817
55 859
264 100
856 766
484 647
729 913
125 659
598 82
817 985
948 133
640 638
387 143
389 549
763 142
835 525
438 335
820 383
269 207
37 115
792 728
425 977
796 224
744 561
672 446
981 172
567 679
144 775
400 145
68 437
541 596
532 777
349 195
944 941
598 542
191 988
18 514
274 920
460 947
988 301
629 45
991 586
59 720
606 553
267 446
486 6
309 535
202 729
591 97
111 90
46 302
563 704
214 668
608 983
185 906
239 315
224 992
95 331
488 821
324 91
286 691
276 422
849 300
336 377
809 183
505 874
862 878
702 643
719 739
405 887
233 912
219 69
582 737
975 570
854 697
980 876
472 615
403 251
149 483
82 582
411 516
836 355
888 637
678 634
971 460
479 189
670 238
363 844
711 518
659 155
74 985
772 666
350 938
190 51
680 932
30 728
677 515
19 169
293 266
976 388
83 986
865 376
714 536
337 999
473 142
386 751
994 376
460 444
599 403
626 335
204 953
338 647
527 807
400 366
79 684
361 805
1000 951
948 447
329 297
295 964
300 606
249 2
303 805
752 103
887 555
304 488
411 396
533 745
550 697
808 8
112 405
97 39
408 438
266 572
841 154
287 134
37 427
352 83
44 377
698 629
193 869
158 753
250 638
107 283
549 448
868 98
105 631
849 622
760 191
928 923
311 623
16 873
626 664
793 863
634 587
780 875
709 155
488 785
820 205
402 969
176 254
985 888
487 946
163 968
82 264
301 554
855 391
551 910
404 341
208 190
426 269
383 713
356 78
964 269
630 68
199 496
492 638
150 800
506 686
570 913
623 635
367 959
378 484
458 412
648 932
479 38
929 845
445 227
711 264
434 372
622 925
442 67
464 547
664 442
225 305
514 759
772 35
994 399
908 547
13 129
42 822
428 114
735 932
297 214
887 745
321 712
161 871
572 263
260 637
470 541
92 700
603 224
148 766
336 886
323 624
729 405
988 358
36 43
933 291
438 835
684 623
644 212
799 334
893 575
969 23
435 655
534 169
679 912
496 943
443 168
45 52
118 618
798 624
289 514
396 290
202 529
98 912
319 442
681 585
505 960
659 825
332 567
244 701
855 325
361 1
569 548
825 658
461 102
565 592
893 99
215 91
216 880
88 489
974 412
671 34
499 863
727 252
930 94
345 422
897 271
77 39
632 354
318 467
963 26
509 604
593 9
711 644
977 234
669 212
375 183
982 133
86 974
547 680
587 631
548 759
760 920
165 904
419 829
649 408
703 85
635 867
601 951
109 120
167 835
281 177
593 299
812 595
155 368
469 16
31 675
324 885
627 628
683 198
316 933
528 773
138 753
801 279
392 770
14 36
970 422
417 225
575 333
657 816
31 654
148 973
652 621
382 917
621 144
299 824
787 962
365 594
627 771
709 577
244 933
287 427
326 71
409 313
268 68
93 933
92 640
455 788
22 191
887 531
106 868
128 590
326 865
241 971
776 542
374 637
413 611
487 310
605 587
951 487
990 411
79 216
474 101
309 675
737 168
276 284
119 780
474 661
560 830
633 472
580 177
980 683
592 623
722 222
595 788
355 698
15 663
552 545
612 753
465 216
85 607
525 978
341 965
747 718
988 673
94 775
403 222
422 270
392 333
85 448
52 973
953 44
510 779
739 607
798 93
946 799
808 836
892 770
817 766
252 309
200 712
937 497
699 766
773 27
80 366
816 562
164 518
899 589
916 629
920 624
243 859
880 340
109 894
554 29
631 25
784 522
434 280
531 263
607 16
465 803
905 478
190 237
446 574
912 494
325 823
535 324
887 721
763 495
346 970
838 511
235 86
796 903
174 23
656 454
641 962
353 112
547 488
931 777
895 472
700 842
112 505
392 975
10 514
490 74
470 498
719 95
261 659
533 582
432 79
231 849
732 218
788 740
228 553
484 435
358 348
695 119
254 797
609 498
132 791
258 630
513 875
353 572
428 170
702 889
141 779
128 150
868 744
906 909
746 204
693 451
977 16
392 410
263 393
379 282
786 566
713 622
312 209
295 56
977 161
11 449
621 754
542 547
755 340
578 295
99 476
50 991
226 653
450 965
783 5
442 981
354 297
669 958
158 86
450 884
217 103
956 508
186 810
694 433
622 881
230 958
801 584
765 887
605 706
363 219
382 581
952 972
296 144
459 716
978 948
390 846
340 424
417 861
375 702
903 533
348 210
193 602
286 553
508 649
770 202
610 397
222 991
11 754
488 741
148 569
476 94
956 336
374 933
803 255
921 891
202 762
166 913
206 226
758 991
281 201
67 696
853 953
267 42
15 952
876 622
148 287
42 998
225 420
33 889
500 874
512 714
628 110
37 799
940 98
246 534
893 94
751 352
474 508
129 815
871 266
480 581
891 644
586 649
739 697
42 683
719 631
650 426
546 11
985 537
342 430
687 814
229 808
11 493
569 459
588 481
181 917
829 521
670 696
90 465
123 317
703 129
48 785
281 976
702 75
406 516
597 383
376 943
503 300
930 622
899 901
902 520
669 819
28 189
302 452
37 971
624 770
560 713
114 604
832 479
351 793
958 307
869 988
86 478
640 982
550 105
164 316
292 329
953 222
352 564
792 785
523 931
624 992
734 101
223 707
130 495
946 77
295 888
810 556
6 757
284 640
638 400
784 911
714 64
3 293
62 768
124 893
278 207
54 134
73 41
183 52
900 972
499 451
45 51
374 897
82 730
306 417
280 892
63 595
874 44
712 863
932 332
145 886
138 457
530 951
72 77
428 463
188 675
357 84
985 859
140 574
745 59
817 358
821 374
719 432
200 352
275 398
574 534
242 999
370 48
833 648
974 285
925 216
215 952
935 419
61 530
405 640
869 427
172 909
708 879
695 611
761 847
182 545
755 445
946 602
472 237
414 752
316 934
963 601
450 700
769 816
505 335
701 309
459 950
575 332
448 389
748 880
929 586
553 358
737 513
759 144
675 983
929 571
515 830
368 251
771 78
616 529
624 12
274 547
573 93
683 645
481 45
449 263
710 222
562 170
120 842
193 514
770 178
366 723
827 847
921 262
145 49
339 153
970 969
359 234
896 580
315 875
245 719
384 662
93 779
699 87
500 674
824 644
855 411
793 143
833 842
120 373
618 412
257 346
261 370
711 766
750 352
402 712
955 540
831 161
959 508
816 838
397 963
954 732
151 692
105 402
566 289
74 931
915 235
865 916
937 615
510 923
973 353
501 544
963 791
235 636
186 932
631 250
464 718
428 809
658 330
363 464
72 873
648 204
385 855
190 887
763 19
783 198
342 914
292 918
839 47
438 716
882 526
386 811
414 737
136 286
161 957
602 544
205 817
446 269
969 460
589 907
143 795
809 283
331 715
245 385
652 199
168 316
520 593
558 233
248 10
323 728
873 714
534 86
850 219
387 619
173 70
430 975
380 654
783 969
183 237
172 386
902 362
231 673
516 859
591 129
354 896
559 999
104 743
103 491
789 110
58 216
872 748
907 479
211 570
12 569
949 872
769 402
392 411
285 112
604 850
733 626
692 193
105 509
177 984
87 181
347 424
60 807
939 108
275 682
941 918
317 118
358 872
821 64
289 343
143 116
961 325
542 298
467 652
187 797
284 93
489 777
517 121
556 529
338 754
946 501
325 520
592 325
153 703
282 989
964 1000
711 68
458 58
135 648
463 783
235 932
571 718
112 169
827 748
295 966
727 191
459 604
447 795
212 124
50 115
273 272
239 677
629 493
810 585
667 192
359 76
14 601
2 356
315 234
627 333
634 260
961 604
671 665
433 91
16 77
733 496
413 653
881 655
779 744
373 449
555 338
270 973
454 64
14 891
509 129
515 306
149 976
885 294
558 116
789 995
652 500
447 735
687 119
404 130
140 87
82 484
886 996
34 131
769 220
802 156
915 615
807 397
445 716
176 335
802 126
678 533
937 669
956 84
835 265
525 874
121 984
893 272
626 173
560 495
574 853
167 225
321 273
378 482
431 348
432 662
473 462
535 858
238 846
384 553
403 503
137 167
549 618
40 566
791 573
739 884
665 889
388 496
407 308
402 212
442 420
579 940
249 337
502 109
322 415
431 35
363 297
71 248
327 146
312 665
576 934
39 542
28 301
781 297
454 19
882 598
832 335
528 584
1000 917
956 352
145 408
952 600
314 625
723 919
336 872
978 699
315 595
770 175
143 851
438 833
221 79
942 81
137 38
476 35
387 530
580 441
482 652
638 371
819 567
55 121
187 161
906 657
712 430
139 2
876 595
665 78
115 131
870 49
116 399
488 783
201 430
789 53
738 671
311 235
194 929
869 349
309 400
663 973
331 834
90 225
676 552
344 296
493 292
216 435
688 150
673 806
431 530
401 539
223 476
986 86
218 252
271 106
703 191
57 186
910 282
565 18
802 356
470 478
952 73
735 454
994 766
938 100
226 690
189 318
317 361
544 275
800 909
339 370
844 126
612 226
192 765
763 118
216 243
74 753
256 878
521 25
249 365
88 941
315 438
645 285
494 669
929 777
5 766
355 377
709 618
47 23
646 575
618 165
274 657
493 539
365 798
814 495
463 199
355 454
729 213
838 401
291 942
378 180
934 900
538 501
95 392
814 350
391 507
14 614
623 934
572 148
188 173
886 316
818 52
123 832
596 525
137 790
396 369
239 435
153 92
724 813
746 933
927 392
36 303
524 196
908 363
841 856
718 851
58 82
741 767
11 104
486 458
208 346
595 790
964 734
181 185
20 121
464 131
232 255
760 120
811 175
850 715
740 400
882 248
976 125
939 3
375 149
622 142
933 609
471 678
221 783
938 201
262 647
514 1000
713 803
532 353
189 322
688 623
526 835
508 998
142 72
202 191
973 578
610 784
523 703
448 371
706 258
730 329
14 6
770 672
240 245
362 665
818 660
123 288
177 686
723 625
61 106
544 140
672 433
569 668
718 820
911 117
284 535
836 68
411 308
305 777
692 931
487 225
145 352
883 740
402 589
168 31
945 505
374 701
936 685
749 315
329 108
956 223
813 706
575 807
338 226
893 628
966 480
711 823
572 47
59 196
166 792
153 143
306 407
89 989
135 365
404 888
231 851
145 940
555 693
77 425
932 645
111 894
292 548
557 112
44 69
593 810
927 130
163 977
80 643
239 26
25 784
985 914
677 972
794 580
640 98
234 521
306 938
582 555
241 275
370 121
981 567
137 409
345 269
200 520
147 3
755 342
422 443
532 73
996 20
372 782
284 440
527 364
255 34
237 120
700 880
262 611
933 918
525 251
739 859
635 154
653 535
710 57
991 49
692 604
264 146
283 158
506 77
179 33
491 275
644 125
463 921
212 415
505 147
982 655
986 578
697 834
347 900
504 981
66 548
217 817
235 935
457 481
809 84
974 702
187 728
994 200
558 953
671 634
212 125
340 426
456 679
473 591
409 247
250 411
947 371
876 315
325 75
698 695
83 465
314 700
79 124
154 165
638 453
664 746
663 484
443 129
597 608
267 479
624 386
474 553
77 768
11 978
784 210
359 895
806 915
439 874
101 327
301 773
675 8
513 165
777 760
97 399
978 171
337 49
381 168
58 253
595 974
834 618
851 440
500 522
837 629
307 662
368 984
241 430
560 38
579 450
963 35
378 298
789 867
85 390
712 368
659 331
553 844
649 353
958 245
815 596
622 70
865 979
753 134
476 811
77 580
619 733
764 258
268 543
30 586
700 634
114 715
614 976
235 537
916 926
622 904
939 535
164 747
321 860
782 963
431 147
269 20
318 86
583 870
847 539
353 355
264 60
189 192
109 614
130 493
538 414
259 147
406 70
429 863
568 681
606 33
684 987
442 410
461 590
978 696
942 487
249 908
654 475
520 296
990 275
611 986
196 284
272 196
609 237
370 539
666 28
371 270
840 138
337 482
337 186
763 868
603 971
140 843
548 88
127 757
480 406
499 114
137 987
524 33
859 658
56 741
918 809
427 799
577 919
894 440
915 533
272 625
456 238
223 680
205 397
194 958
324 301
91 42
858 376
472 691
513 931
822 215
733 520
592 676
573 959
480 978
742 990
835 72
532 104
242 116
909 662
318 417
670 154
817 582
438 445
753 320
599 663
189 460
355 956
122 913
786 798
569 86
560 243
971 358
493 982
372 739
212 642
378 374
696 79
308 413
682 110
973 605
242 425
329 571
535 607
717 600
187 949
520 549
905 342
799 858
970 308
256 798
900 479
60 300
406 256
118 30
653 769
457 296
100 382
464 800
856 34
785 26
606 114
865 276
773 521
278 185
706 572
391 506
856 209
585 949
503 886
658 955
73 233
595 364
745 703
594 468
585 774
144 76
72 830
953 667
555 827
10 508
211 341
283 928
547 303
15 845
201 367
76 877
500 829
284 866
529 601
894 69
399 595
385 225
370 481
13 45
775 980
614 68
814 650
626 558
73 694
771 693
262 56
29 835
746 215
730 752
141 885
76 418
737 763
974 511
423 79
315 590
492 562
439 737
621 668
342 71
459 422
769 711
5 29
62 70
820 182
713 802
164 690
475 595
170 495
706 45
834 22
302 544
281 734
436 302
916 624
170 382
78 799
344 389
951 866
643 437
94 209
352 912
735 673
141 17
454 88
41 133
334 514
923 227
445 379
874 512
156 754
142 389
226 266
266 693
932 194
75 627
576 60
923 257
463 504
447 967
563 806
840 609
123 879
767 14
849 757
775 645
561 313
121 258
605 208
333 749
699 272
827 218
349 274
617 738
525 303
605 65
309 644
182 178
153 424
154 915
789 251
974 57
449 946
50 755
77 138
573 773
890 943
363 997
107 895
590 577
6 25
392 413
266 442
186 757
557 418
418 784
873 853
945 576
768 199
860 629
972 927
846 896
377 931
748 758
582 910
39 385
706 158
781 720
42 246
519 753
166 159
636 801
571 994
350 91
632 968
672 111
322 552
568 432
326 352
199 882
421 436
209 922
528 76
625 274
603 512
34 285
162 919
92 724
934 973
697 131
279 280
317 965
545 405
446 827
748 495
936 225
236 698
540 483
572 797
748 382
842 247
755 554
979 50
687 493
49 165
833 177
956 450
371 162
10 436
67 701
582 268
875 786
107 684
492 950
225 441
871 806
858 579
710 736
180 619
400 603
384 112
348 289
612 598
137 664
158 38
284 946
168 854
977 480
963 149
983 78
401 684
536 481
246 926
394 363
555 348
138 405
800 645
834 760
855 352
329 851
589 53
57 156
313 266
601 607
618 519
532 171
91 909
578 441
652 912
138 630
318 943
223 41
5 486
248 827
530 327
834 374
661 747
791 684
5 375
248 682
492 77
424 437
80 599
118 51
246 100
985 244
449 601
870 649
31 553
128 93
329 201
862 61
476 360
810 408
589 360
942 373
871 305
163 334
456 708
936 78
240 875
978 697
840 554
602 905
235 160
939 657
870 890
727 711
550 552
537 383
679 908
279 514
780 37
619 471
379 810
658 649
698 938
680 337
702 914
475 960
563 572
512 570
805 711
2 788
449 969
980 595
788 270
935 745
497 965
7 154
512 344
793 289
906 64
745 56
980 817
712 143
754 242
132 520
388 914
6 481
356 110
449 644
746 402
68 698
217 736
684 788
453 992
778 489
262 782
284 370
639 966
584 344
199 353
330 528
388 176
275 222
209 550
247 680
588 230
471 994
240 380
943 260
856 662
838 602
269 341
645 138
654 120
910 230
52 778
584 271
187 549
740 671
45 575
472 816
485 996
553 500
916 802
334 551
48 642
891 650
268 497
948 627
218 848
439 376
177 994
287 674
156 542
529 28
178 450
818 50
585 773
583 502
515 110
510 6
261 810
508 735
658 602
552 489
993 169
116 40
33 948
152 736
768 688
695 111
662 348
670 294
686 342
773 542
604 43
751 308
988 906
755 945
663 610
578 906
673 998
33 263
652 88
661 141
99 514
266 391
251 847
699 935
741 32
924 576
671 437
33 97
273 562
552 835
78 467
791 328
669 180
527 266
40 722
388 148
669 37
798 859
445 150
684 660
90 404
169 771
855 911
968 753
644 244
826 755
406 707
208 710
193 54
397 275
274 465
965 577
985 131
490 611
628 781
311 627
312 595
131 249
706 383
106 531
527 895
896 999
126 598
786 455
164 375
739 878
299 844
418 917
835 814
503 676
749 716
408 190
477 9
204 711
279 247
727 937
853 734
66 736
620 191
947 281
197 410
308 805
771 71
187 412
761 119
889 42
762 280
69 80
417 663
605 190
573 320
701 651
335 189
102 152
983 609
965 22
859 575
253 772
538 24
850 214
210 57
49 125
358 449
36 398
236 997
25 244
797 622
279 699
38 414
110 465
718 144
23 694
543 47
803 434
148 101
890 940
101 3
285 476
399 340
998 516
868 891
355 648
63 219
570 237
128 392
203 972
95 586
721 15
137 430
211 797
506 663
215 248
830 266
595 643
100 35
20 136
30 690
311 915
816 579
109 60
165 378
647 598
83 993
484 672
655 123
415 998
436 259
497 299
522 652
639 589
911 786
511 990
494 744
799 797
692 867
403 920
689 698
26 293
27 4
620 723
66 546
16 275
753 804
921 560
98 499
505 499
288 583
218 776
573 130
459 558
305 669
783 667
154 662
865 204
849 839
488 745
163 953
749 978
245 275
837 63
250 635
417 556
148 436
556 473
686 172
923 522
471 198
993 834
885 468
448 729
802 808
932 699
591 358
964 84
560 472
827 308
868 648
137 744
923 985
998 319
659 623
256 170
672 348
854 734
